p 65 448
r 65 1 4 1 1 2 1 3 1 4 1
r 65 1 2 -1 1 -2 1
r 65 1 2 -1 1 -3 1
r 65 1 2 -1 1 -4 1
r 65 1 2 -2 1 -3 1
r 65 1 2 -2 1 -4 1
r 65 1 2 -3 1 -4 1
r 65 1 4 5 1 6 1 7 1 8 1
r 65 1 2 -5 1 -6 1
r 65 1 2 -5 1 -7 1
r 65 1 2 -5 1 -8 1
r 65 1 2 -6 1 -7 1
r 65 1 2 -6 1 -8 1
r 65 1 2 -7 1 -8 1
r 65 1 4 9 1 10 1 11 1 12 1
r 65 1 2 -9 1 -10 1
r 65 1 2 -9 1 -11 1
r 65 1 2 -9 1 -12 1
r 65 1 2 -10 1 -11 1
r 65 1 2 -10 1 -12 1
r 65 1 2 -11 1 -12 1
r 65 1 4 13 1 14 1 15 1 16 1
r 65 1 2 -13 1 -14 1
r 65 1 2 -13 1 -15 1
r 65 1 2 -13 1 -16 1
r 65 1 2 -14 1 -15 1
r 65 1 2 -14 1 -16 1
r 65 1 2 -15 1 -16 1
r 65 1 4 17 1 18 1 19 1 20 1
r 65 1 2 -17 1 -18 1
r 65 1 2 -17 1 -19 1
r 65 1 2 -17 1 -20 1
r 65 1 2 -18 1 -19 1
r 65 1 2 -18 1 -20 1
r 65 1 2 -19 1 -20 1
r 65 1 4 21 1 22 1 23 1 24 1
r 65 1 2 -21 1 -22 1
r 65 1 2 -21 1 -23 1
r 65 1 2 -21 1 -24 1
r 65 1 2 -22 1 -23 1
r 65 1 2 -22 1 -24 1
r 65 1 2 -23 1 -24 1
r 65 1 4 25 1 26 1 27 1 28 1
r 65 1 2 -25 1 -26 1
r 65 1 2 -25 1 -27 1
r 65 1 2 -25 1 -28 1
r 65 1 2 -26 1 -27 1
r 65 1 2 -26 1 -28 1
r 65 1 2 -27 1 -28 1
r 65 1 4 29 1 30 1 31 1 32 1
r 65 1 2 -29 1 -30 1
r 65 1 2 -29 1 -31 1
r 65 1 2 -29 1 -32 1
r 65 1 2 -30 1 -31 1
r 65 1 2 -30 1 -32 1
r 65 1 2 -31 1 -32 1
r 65 1 4 33 1 34 1 35 1 36 1
r 65 1 2 -33 1 -34 1
r 65 1 2 -33 1 -35 1
r 65 1 2 -33 1 -36 1
r 65 1 2 -34 1 -35 1
r 65 1 2 -34 1 -36 1
r 65 1 2 -35 1 -36 1
r 65 1 4 37 1 38 1 39 1 40 1
r 65 1 2 -37 1 -38 1
r 65 1 2 -37 1 -39 1
r 65 1 2 -37 1 -40 1
r 65 1 2 -38 1 -39 1
r 65 1 2 -38 1 -40 1
r 65 1 2 -39 1 -40 1
r 65 1 4 41 1 42 1 43 1 44 1
r 65 1 2 -41 1 -42 1
r 65 1 2 -41 1 -43 1
r 65 1 2 -41 1 -44 1
r 65 1 2 -42 1 -43 1
r 65 1 2 -42 1 -44 1
r 65 1 2 -43 1 -44 1
r 65 1 4 45 1 46 1 47 1 48 1
r 65 1 2 -45 1 -46 1
r 65 1 2 -45 1 -47 1
r 65 1 2 -45 1 -48 1
r 65 1 2 -46 1 -47 1
r 65 1 2 -46 1 -48 1
r 65 1 2 -47 1 -48 1
r 65 1 4 49 1 50 1 51 1 52 1
r 65 1 2 -49 1 -50 1
r 65 1 2 -49 1 -51 1
r 65 1 2 -49 1 -52 1
r 65 1 2 -50 1 -51 1
r 65 1 2 -50 1 -52 1
r 65 1 2 -51 1 -52 1
r 65 1 4 53 1 54 1 55 1 56 1
r 65 1 2 -53 1 -54 1
r 65 1 2 -53 1 -55 1
r 65 1 2 -53 1 -56 1
r 65 1 2 -54 1 -55 1
r 65 1 2 -54 1 -56 1
r 65 1 2 -55 1 -56 1
r 65 1 4 57 1 58 1 59 1 60 1
r 65 1 2 -57 1 -58 1
r 65 1 2 -57 1 -59 1
r 65 1 2 -57 1 -60 1
r 65 1 2 -58 1 -59 1
r 65 1 2 -58 1 -60 1
r 65 1 2 -59 1 -60 1
r 65 1 4 61 1 62 1 63 1 64 1
r 65 1 2 -61 1 -62 1
r 65 1 2 -61 1 -63 1
r 65 1 2 -61 1 -64 1
r 65 1 2 -62 1 -63 1
r 65 1 2 -62 1 -64 1
r 65 1 2 -63 1 -64 1
r 65 1 4 1 1 5 1 9 1 13 1
r 65 1 2 -1 1 -5 1
r 65 1 2 -1 1 -9 1
r 65 1 2 -1 1 -13 1
r 65 1 2 -5 1 -9 1
r 65 1 2 -5 1 -13 1
r 65 1 2 -9 1 -13 1
r 65 1 4 2 1 6 1 10 1 14 1
r 65 1 2 -2 1 -6 1
r 65 1 2 -2 1 -10 1
r 65 1 2 -2 1 -14 1
r 65 1 2 -6 1 -10 1
r 65 1 2 -6 1 -14 1
r 65 1 2 -10 1 -14 1
r 65 1 4 3 1 7 1 11 1 15 1
r 65 1 2 -3 1 -7 1
r 65 1 2 -3 1 -11 1
r 65 1 2 -3 1 -15 1
r 65 1 2 -7 1 -11 1
r 65 1 2 -7 1 -15 1
r 65 1 2 -11 1 -15 1
r 65 1 4 4 1 8 1 12 1 16 1
r 65 1 2 -4 1 -8 1
r 65 1 2 -4 1 -12 1
r 65 1 2 -4 1 -16 1
r 65 1 2 -8 1 -12 1
r 65 1 2 -8 1 -16 1
r 65 1 2 -12 1 -16 1
r 65 1 4 17 1 21 1 25 1 29 1
r 65 1 2 -17 1 -21 1
r 65 1 2 -17 1 -25 1
r 65 1 2 -17 1 -29 1
r 65 1 2 -21 1 -25 1
r 65 1 2 -21 1 -29 1
r 65 1 2 -25 1 -29 1
r 65 1 4 18 1 22 1 26 1 30 1
r 65 1 2 -18 1 -22 1
r 65 1 2 -18 1 -26 1
r 65 1 2 -18 1 -30 1
r 65 1 2 -22 1 -26 1
r 65 1 2 -22 1 -30 1
r 65 1 2 -26 1 -30 1
r 65 1 4 19 1 23 1 27 1 31 1
r 65 1 2 -19 1 -23 1
r 65 1 2 -19 1 -27 1
r 65 1 2 -19 1 -31 1
r 65 1 2 -23 1 -27 1
r 65 1 2 -23 1 -31 1
r 65 1 2 -27 1 -31 1
r 65 1 4 20 1 24 1 28 1 32 1
r 65 1 2 -20 1 -24 1
r 65 1 2 -20 1 -28 1
r 65 1 2 -20 1 -32 1
r 65 1 2 -24 1 -28 1
r 65 1 2 -24 1 -32 1
r 65 1 2 -28 1 -32 1
r 65 1 4 33 1 37 1 41 1 45 1
r 65 1 2 -33 1 -37 1
r 65 1 2 -33 1 -41 1
r 65 1 2 -33 1 -45 1
r 65 1 2 -37 1 -41 1
r 65 1 2 -37 1 -45 1
r 65 1 2 -41 1 -45 1
r 65 1 4 34 1 38 1 42 1 46 1
r 65 1 2 -34 1 -38 1
r 65 1 2 -34 1 -42 1
r 65 1 2 -34 1 -46 1
r 65 1 2 -38 1 -42 1
r 65 1 2 -38 1 -46 1
r 65 1 2 -42 1 -46 1
r 65 1 4 35 1 39 1 43 1 47 1
r 65 1 2 -35 1 -39 1
r 65 1 2 -35 1 -43 1
r 65 1 2 -35 1 -47 1
r 65 1 2 -39 1 -43 1
r 65 1 2 -39 1 -47 1
r 65 1 2 -43 1 -47 1
r 65 1 4 36 1 40 1 44 1 48 1
r 65 1 2 -36 1 -40 1
r 65 1 2 -36 1 -44 1
r 65 1 2 -36 1 -48 1
r 65 1 2 -40 1 -44 1
r 65 1 2 -40 1 -48 1
r 65 1 2 -44 1 -48 1
r 65 1 4 49 1 53 1 57 1 61 1
r 65 1 2 -49 1 -53 1
r 65 1 2 -49 1 -57 1
r 65 1 2 -49 1 -61 1
r 65 1 2 -53 1 -57 1
r 65 1 2 -53 1 -61 1
r 65 1 2 -57 1 -61 1
r 65 1 4 50 1 54 1 58 1 62 1
r 65 1 2 -50 1 -54 1
r 65 1 2 -50 1 -58 1
r 65 1 2 -50 1 -62 1
r 65 1 2 -54 1 -58 1
r 65 1 2 -54 1 -62 1
r 65 1 2 -58 1 -62 1
r 65 1 4 51 1 55 1 59 1 63 1
r 65 1 2 -51 1 -55 1
r 65 1 2 -51 1 -59 1
r 65 1 2 -51 1 -63 1
r 65 1 2 -55 1 -59 1
r 65 1 2 -55 1 -63 1
r 65 1 2 -59 1 -63 1
r 65 1 4 52 1 56 1 60 1 64 1
r 65 1 2 -52 1 -56 1
r 65 1 2 -52 1 -60 1
r 65 1 2 -52 1 -64 1
r 65 1 2 -56 1 -60 1
r 65 1 2 -56 1 -64 1
r 65 1 2 -60 1 -64 1
r 65 1 4 1 1 17 1 33 1 49 1
r 65 1 2 -1 1 -17 1
r 65 1 2 -1 1 -33 1
r 65 1 2 -1 1 -49 1
r 65 1 2 -17 1 -33 1
r 65 1 2 -17 1 -49 1
r 65 1 2 -33 1 -49 1
r 65 1 4 2 1 18 1 34 1 50 1
r 65 1 2 -2 1 -18 1
r 65 1 2 -2 1 -34 1
r 65 1 2 -2 1 -50 1
r 65 1 2 -18 1 -34 1
r 65 1 2 -18 1 -50 1
r 65 1 2 -34 1 -50 1
r 65 1 4 3 1 19 1 35 1 51 1
r 65 1 2 -3 1 -19 1
r 65 1 2 -3 1 -35 1
r 65 1 2 -3 1 -51 1
r 65 1 2 -19 1 -35 1
r 65 1 2 -19 1 -51 1
r 65 1 2 -35 1 -51 1
r 65 1 4 4 1 20 1 36 1 52 1
r 65 1 2 -4 1 -20 1
r 65 1 2 -4 1 -36 1
r 65 1 2 -4 1 -52 1
r 65 1 2 -20 1 -36 1
r 65 1 2 -20 1 -52 1
r 65 1 2 -36 1 -52 1
r 65 1 4 5 1 21 1 37 1 53 1
r 65 1 2 -5 1 -21 1
r 65 1 2 -5 1 -37 1
r 65 1 2 -5 1 -53 1
r 65 1 2 -21 1 -37 1
r 65 1 2 -21 1 -53 1
r 65 1 2 -37 1 -53 1
r 65 1 4 6 1 22 1 38 1 54 1
r 65 1 2 -6 1 -22 1
r 65 1 2 -6 1 -38 1
r 65 1 2 -6 1 -54 1
r 65 1 2 -22 1 -38 1
r 65 1 2 -22 1 -54 1
r 65 1 2 -38 1 -54 1
r 65 1 4 7 1 23 1 39 1 55 1
r 65 1 2 -7 1 -23 1
r 65 1 2 -7 1 -39 1
r 65 1 2 -7 1 -55 1
r 65 1 2 -23 1 -39 1
r 65 1 2 -23 1 -55 1
r 65 1 2 -39 1 -55 1
r 65 1 4 8 1 24 1 40 1 56 1
r 65 1 2 -8 1 -24 1
r 65 1 2 -8 1 -40 1
r 65 1 2 -8 1 -56 1
r 65 1 2 -24 1 -40 1
r 65 1 2 -24 1 -56 1
r 65 1 2 -40 1 -56 1
r 65 1 4 9 1 25 1 41 1 57 1
r 65 1 2 -9 1 -25 1
r 65 1 2 -9 1 -41 1
r 65 1 2 -9 1 -57 1
r 65 1 2 -25 1 -41 1
r 65 1 2 -25 1 -57 1
r 65 1 2 -41 1 -57 1
r 65 1 4 10 1 26 1 42 1 58 1
r 65 1 2 -10 1 -26 1
r 65 1 2 -10 1 -42 1
r 65 1 2 -10 1 -58 1
r 65 1 2 -26 1 -42 1
r 65 1 2 -26 1 -58 1
r 65 1 2 -42 1 -58 1
r 65 1 4 11 1 27 1 43 1 59 1
r 65 1 2 -11 1 -27 1
r 65 1 2 -11 1 -43 1
r 65 1 2 -11 1 -59 1
r 65 1 2 -27 1 -43 1
r 65 1 2 -27 1 -59 1
r 65 1 2 -43 1 -59 1
r 65 1 4 12 1 28 1 44 1 60 1
r 65 1 2 -12 1 -28 1
r 65 1 2 -12 1 -44 1
r 65 1 2 -12 1 -60 1
r 65 1 2 -28 1 -44 1
r 65 1 2 -28 1 -60 1
r 65 1 2 -44 1 -60 1
r 65 1 4 13 1 29 1 45 1 61 1
r 65 1 2 -13 1 -29 1
r 65 1 2 -13 1 -45 1
r 65 1 2 -13 1 -61 1
r 65 1 2 -29 1 -45 1
r 65 1 2 -29 1 -61 1
r 65 1 2 -45 1 -61 1
r 65 1 4 14 1 30 1 46 1 62 1
r 65 1 2 -14 1 -30 1
r 65 1 2 -14 1 -46 1
r 65 1 2 -14 1 -62 1
r 65 1 2 -30 1 -46 1
r 65 1 2 -30 1 -62 1
r 65 1 2 -46 1 -62 1
r 65 1 4 15 1 31 1 47 1 63 1
r 65 1 2 -15 1 -31 1
r 65 1 2 -15 1 -47 1
r 65 1 2 -15 1 -63 1
r 65 1 2 -31 1 -47 1
r 65 1 2 -31 1 -63 1
r 65 1 2 -47 1 -63 1
r 65 1 4 16 1 32 1 48 1 64 1
r 65 1 2 -16 1 -32 1
r 65 1 2 -16 1 -48 1
r 65 1 2 -16 1 -64 1
r 65 1 2 -32 1 -48 1
r 65 1 2 -32 1 -64 1
r 65 1 2 -48 1 -64 1
r 65 1 4 1 1 5 1 17 1 21 1
r 65 1 2 -1 1 -5 1
r 65 1 2 -1 1 -17 1
r 65 1 2 -1 1 -21 1
r 65 1 2 -5 1 -17 1
r 65 1 2 -5 1 -21 1
r 65 1 2 -17 1 -21 1
r 65 1 4 2 1 6 1 18 1 22 1
r 65 1 2 -2 1 -6 1
r 65 1 2 -2 1 -18 1
r 65 1 2 -2 1 -22 1
r 65 1 2 -6 1 -18 1
r 65 1 2 -6 1 -22 1
r 65 1 2 -18 1 -22 1
r 65 1 4 3 1 7 1 19 1 23 1
r 65 1 2 -3 1 -7 1
r 65 1 2 -3 1 -19 1
r 65 1 2 -3 1 -23 1
r 65 1 2 -7 1 -19 1
r 65 1 2 -7 1 -23 1
r 65 1 2 -19 1 -23 1
r 65 1 4 4 1 8 1 20 1 24 1
r 65 1 2 -4 1 -8 1
r 65 1 2 -4 1 -20 1
r 65 1 2 -4 1 -24 1
r 65 1 2 -8 1 -20 1
r 65 1 2 -8 1 -24 1
r 65 1 2 -20 1 -24 1
r 65 1 4 9 1 13 1 25 1 29 1
r 65 1 2 -9 1 -13 1
r 65 1 2 -9 1 -25 1
r 65 1 2 -9 1 -29 1
r 65 1 2 -13 1 -25 1
r 65 1 2 -13 1 -29 1
r 65 1 2 -25 1 -29 1
r 65 1 4 10 1 14 1 26 1 30 1
r 65 1 2 -10 1 -14 1
r 65 1 2 -10 1 -26 1
r 65 1 2 -10 1 -30 1
r 65 1 2 -14 1 -26 1
r 65 1 2 -14 1 -30 1
r 65 1 2 -26 1 -30 1
r 65 1 4 11 1 15 1 27 1 31 1
r 65 1 2 -11 1 -15 1
r 65 1 2 -11 1 -27 1
r 65 1 2 -11 1 -31 1
r 65 1 2 -15 1 -27 1
r 65 1 2 -15 1 -31 1
r 65 1 2 -27 1 -31 1
r 65 1 4 12 1 16 1 28 1 32 1
r 65 1 2 -12 1 -16 1
r 65 1 2 -12 1 -28 1
r 65 1 2 -12 1 -32 1
r 65 1 2 -16 1 -28 1
r 65 1 2 -16 1 -32 1
r 65 1 2 -28 1 -32 1
r 65 1 4 33 1 37 1 49 1 53 1
r 65 1 2 -33 1 -37 1
r 65 1 2 -33 1 -49 1
r 65 1 2 -33 1 -53 1
r 65 1 2 -37 1 -49 1
r 65 1 2 -37 1 -53 1
r 65 1 2 -49 1 -53 1
r 65 1 4 34 1 38 1 50 1 54 1
r 65 1 2 -34 1 -38 1
r 65 1 2 -34 1 -50 1
r 65 1 2 -34 1 -54 1
r 65 1 2 -38 1 -50 1
r 65 1 2 -38 1 -54 1
r 65 1 2 -50 1 -54 1
r 65 1 4 35 1 39 1 51 1 55 1
r 65 1 2 -35 1 -39 1
r 65 1 2 -35 1 -51 1
r 65 1 2 -35 1 -55 1
r 65 1 2 -39 1 -51 1
r 65 1 2 -39 1 -55 1
r 65 1 2 -51 1 -55 1
r 65 1 4 36 1 40 1 52 1 56 1
r 65 1 2 -36 1 -40 1
r 65 1 2 -36 1 -52 1
r 65 1 2 -36 1 -56 1
r 65 1 2 -40 1 -52 1
r 65 1 2 -40 1 -56 1
r 65 1 2 -52 1 -56 1
r 65 1 4 41 1 45 1 57 1 61 1
r 65 1 2 -41 1 -45 1
r 65 1 2 -41 1 -57 1
r 65 1 2 -41 1 -61 1
r 65 1 2 -45 1 -57 1
r 65 1 2 -45 1 -61 1
r 65 1 2 -57 1 -61 1
r 65 1 4 42 1 46 1 58 1 62 1
r 65 1 2 -42 1 -46 1
r 65 1 2 -42 1 -58 1
r 65 1 2 -42 1 -62 1
r 65 1 2 -46 1 -58 1
r 65 1 2 -46 1 -62 1
r 65 1 2 -58 1 -62 1
r 65 1 4 43 1 47 1 59 1 63 1
r 65 1 2 -43 1 -47 1
r 65 1 2 -43 1 -59 1
r 65 1 2 -43 1 -63 1
r 65 1 2 -47 1 -59 1
r 65 1 2 -47 1 -63 1
r 65 1 2 -59 1 -63 1
r 65 1 4 44 1 48 1 60 1 64 1
r 65 1 2 -44 1 -48 1
r 65 1 2 -44 1 -60 1
r 65 1 2 -44 1 -64 1
r 65 1 2 -48 1 -60 1
r 65 1 2 -48 1 -64 1
r 65 1 2 -60 1 -64 1
a 65 0
